0,1,2,3,4,5,6,7,8,9,10,11,12,13,14,15,16,17,18,19,20,21,22,23,24
2022_08_10_164935_760_123454.pcd,1000.01,626.3,644.43,437945.65,766.35,881.54,536281.67,2618.78,635.79,863.63,420286.73,2545.4,644.63,664.06,782.32,846.88,902.33,0.82,0.88,478192.01,558005.95,2502.03,2676.49,2
2022_08_10_164943_760_123454.pcd,1110.01,571.62,627.15,421899.66,794.61,843.23,531064.36,2600.22,650.54,863.39,442235.35,2427.87,672.69,676.6,802.61,847.13,1051.28,0.82,0.95,473963.16,554214.08,2508.9,2869.91,2
2022_08_10_170625_763_123125.pcd,690.01,638.02,669.97,469665.64,759.42,899.82,537827.9,2695.9,676.12,833.41,432432.26,2620.03,680.4,684.71,780.97,877.49,929.71,0.81,0.85,507651.27,566362.59,2798.17,3310.43,2
2022_08_10_170633_763_123125.pcd,1020.01,602.21,635.94,438132.26,769.29,911.33,565222.23,2687.2,663.93,924.73,465097.64,2559.45,647.84,678.21,790.26,874.44,939.73,0.8,0.87,501625.25,585912.99,2566.53,2729.34,2
2022_08_11_103755_770_7457.pcd,1260.01,651.26,649.04,426297.64,796.53,926.85,585654.81,2750.77,614.78,828.36,412209.04,2321.99,620.13,700.84,816.2,909.95,965.2,0.77,0.88,519110.61,606997.84,2644.79,2792.04,2
2022_08_11_104741_780_9085.pcd,1100.01,575.4,571.5,413090.92,775.01,905.8,562592.95,2685,645.95,916.03,468113.61,2552.93,638.42,678.02,798.13,881.57,936.66,0.79,0.87,506241.26,586206.73,2580.91,2723.03,2
2022_08_11_104751_780_9085.pcd,810.01,699.68,739.7,559165.37,780.43,950.16,593541.35,2771.5,634.9,926.29,452909.21,2556.07,716.07,708.35,820.17,939.78,1061.19,0.77,0.96,516127.57,620912.71,2708.34,3094.7,2
2022_08_11_104920_650_3741.pcd,770.01,620.25,633.66,430498.23,711.66,879.28,498235.8,2555.77,622.01,889.72,454576.38,2535.07,612.31,646.3,727.87,850.1,903.78,0.79,0.81,470233.36,518237.42,2493.12,2611.09,2
2022_08_11_104957_650_3891.pcd,690.01,674.15,687.57,498982.96,718.41,891.36,511177.47,2618.31,620.36,853.06,442520.16,2574.09,633.19,659.21,734.58,863.4,934.7,0.77,0.83,478257.64,537964.17,2588.52,2801.49,2
2022_08_11_104959_650_3891.pcd,680.01,639.74,654.59,481687.06,699.43,890.44,492072.86,2576.3,612,819.69,401468.17,2406.09,606.41,633.49,700.97,848.95,934.6,0.78,0.8,462798.9,515647.29,2499.51,2630.16,2
2022_11_17_074128_750_5491.scd,900.01,611.78,626.52,423177.39,803.46,923.58,579458.47,2730.4,665.74,894.65,469575.09,2612.96,739.06,705.13,825.81,881.8,946.09,0.82,0.89,519949.85,603558.89,2626.62,2784.84,2
2022_11_17_074133_750_5491.scd,930.01,603.53,616.74,407549.59,791.83,943.34,584799.51,2745.65,656.67,920.77,487093.7,2618.75,762.31,691.36,801.94,919.07,1026.39,0.78,0.85,524979.37,606607.24,2667.3,3017.21,2
2022_11_17_074208_750_5491.scd,930.01,564.74,630.71,503378.18,780.86,922.61,581951.51,2739.84,692.83,923.6,519555.05,2696.76,821.09,738.43,959.96,940.37,1094.2,0.81,0.92,568953.65,721751.99,2862.62,3505.36,2
2022_11_17_074128_750_5491.scd,970.01,610.7,625.33,423591.27,802.07,925.85,579598.02,2728.78,663.91,918.96,494705.98,2648.82,695.19,693.37,821.8,884.35,956.48,0.82,0.88,520409.79,604570.05,2618.82,2795.46,2
2022_11_17_074133_750_5491.scd,930.01,599.98,616.36,408523.32,791.01,939.09,582985.61,2741.63,658.31,916.12,487878.26,2593.79,670.13,678.13,804.01,919.7,1048.53,0.76,0.86,521786.26,605561.36,2631.57,2885.93,2
2022_11_17_074208_750_5491.scd,1360.01,598.04,594.91,451042.82,781.05,924.24,582183.16,2720.1,584.48,911.96,461696.61,2408.92,600.83,701.27,784.78,934.3,1068.54,0.76,0.84,547923.17,621262.48,2725.98,3047.45,2
2022_11_17_074214_750_5491.scd,1070.01,582.23,578.58,466473.22,785.99,912.41,576718.43,2702.69,730.12,986.6,584760.29,2803,741.82,713.51,793.55,908.62,1001.13,0.79,0.87,543485.01,596274.47,2685.85,2828.99,2
2022_11_17_074219_750_5491.scd,900.01,640.33,652,462833.21,791.2,916.94,571657.62,2715.3,661.34,879.92,475774.74,2549.77,680.29,696.57,810.55,880.02,935.55,0.81,0.88,517249.34,595602.13,2608.87,2765.92,2
2022_11_17_074128_750_5491.scd,970.01,610.7,625.33,423591.27,802.07,925.85,579598.02,2728.78,663.91,918.96,494705.98,2648.82,695.19,693.37,821.8,884.35,956.48,0.82,0.88,520409.79,604570.05,2618.82,2795.46,2
2022_11_17_074133_750_5491.scd,930.01,599.98,616.36,408523.32,791.01,939.09,582985.61,2741.63,658.31,916.12,487878.26,2593.79,670.13,678.13,804.01,919.7,1048.53,0.76,0.86,521786.26,605561.36,2631.57,2885.93,2
2022_11_17_074128_750_5491.scd,970.01,610.7,625.33,423591.27,802.07,925.85,579598.02,2728.78,663.91,918.96,494705.98,2648.82,695.19,693.37,821.8,884.35,956.48,0.82,0.88,520409.79,604570.05,2618.82,2795.46,2
2022_11_17_074133_750_5491.scd,930.01,599.98,616.36,408523.32,791.01,939.09,582985.61,2741.63,658.31,916.12,487878.26,2593.79,670.13,678.13,804.01,919.7,1048.53,0.76,0.86,521786.26,605561.36,2631.57,2885.93,2
2022_11_17_074208_750_5491.scd,1360.01,598.04,594.91,451042.82,781.05,924.24,582183.16,2720.1,584.48,911.96,461696.61,2408.92,600.83,701.27,784.78,934.3,1068.54,0.76,0.84,547923.17,621262.48,2725.98,3047.45,2
2022_11_17_074214_750_5491.scd,1070.01,582.23,578.58,466473.22,785.99,912.41,576718.43,2702.69,730.12,986.6,584760.29,2803,741.82,713.51,793.55,908.62,1001.13,0.79,0.87,543485.01,596274.47,2685.85,2828.99,2
2022_11_17_074219_750_5491.scd,900.01,640.33,652,462833.21,791.2,916.94,571657.62,2715.3,661.34,879.92,475774.74,2549.77,680.29,696.57,810.55,880.02,935.55,0.81,0.88,517249.34,595602.13,2608.87,2765.92,2
2022_11_17_074225_750_5491.scd,860.01,642.39,649.46,468993.7,801.18,927.71,583681.38,2741.91,677.62,885.48,485960.98,2556.47,695.77,701.72,825.48,893.09,948.37,0.82,0.89,536425.84,610184.64,2646.63,2802.49,2
2022_11_17_074230_750_5491.scd,920.01,607.34,642.02,473948.87,797.89,940.91,589810.54,2746.34,667.54,879.95,481157.54,2578.16,667.78,692.12,812.89,899.7,961.39,0.8,0.87,532670.66,614161.24,2626.75,2804.5,2
2022_11_17_074257_750_3891.scd,1050.01,593.18,629.91,439121.38,785.4,919.2,570722.88,2703.67,587.74,907.88,413283.94,2388.38,618.33,655.31,801.74,908.41,1086.91,0.74,0.86,493110.48,595061.37,2573.19,2833.05,2
2022_11_17_074303_750_3891.scd,1100.01,612.58,639.22,436400.65,793.85,911.31,574593.54,2708.54,640.54,955.71,480826.75,2588.05,603.05,671.93,815.84,878.47,930.76,0.8,0.88,502920.73,602019.93,2560.21,2759.44,2
2022_11_17_074308_750_3891.scd,1140.01,638.58,663.2,453394.38,783.99,938.13,588297.46,2747.24,608.51,958.13,418382.01,2256.84,620,706.88,796.02,947.48,1070.22,0.78,0.83,559090.77,610498.01,2749.07,2982.7,2
2022_11_17_074314_750_3891.scd,790.01,648.39,658.66,483581.95,789.22,951.54,593427.34,2776.95,649.6,923.99,488488.33,2574.23,659.45,699.65,809,924.39,972.74,0.8,0.83,553594.93,622317.82,2693.44,2830.56,2
2022_11_17_074749_691_9085.scd,960.01,581.05,600.61,450605.14,729.08,886.77,500087.34,2560.87,629.42,922.54,449166.82,2552.53,609.26,652.28,748.78,865.91,923.32,0.78,0.84,465299,518216.37,2504.26,2627.15,2
2022_11_17_074754_691_9085.scd,890.01,577.7,613.16,446434.63,744.82,910.55,525627.52,2618.53,679.07,923.29,492400.21,2644.67,675.74,664.69,756.99,875.98,921.3,0.79,0.85,483071.15,538933.08,2535.91,2655.2,2
2022_11_17_074805_691_9085.scd,730.01,647.99,647.67,433724.61,724.82,880.36,496708.89,2583.28,665.5,891.05,462466.13,2554.47,663.91,661.68,742.13,857.25,897.25,0.81,0.84,475169.17,515229.93,2533.19,2640.21,2
2022_11_17_074810_691_9085.scd,870.01,604.14,610.08,422592.87,724.14,884.73,500392.24,2580.31,657.47,879.89,461724.59,2522.39,659.18,647.38,735.19,867.54,980.97,0.77,0.84,472953.4,542001.75,2567.81,2956.78,2
2022_11_17_074936_693_9085.scd,960.01,591.71,585.87,396102.3,698.3,872.55,480267.37,2534.33,620.62,942.1,450030.89,2559.74,629.52,625.61,716.24,849.49,941.01,0.76,0.82,441892.18,498810.87,2467.57,2605,2
2022_11_17_074941_693_9085.scd,950.01,589.71,589,396251.83,705.74,868.53,480844.51,2538.38,615.38,899.98,427245.71,2454.44,620.28,628.23,719.39,834.23,881.92,0.78,0.83,439032.27,496374.37,2456.3,2574.67,2
2022_11_17_074947_693_9085.scd,970.01,591.09,590.79,400326.72,711.86,860.25,479675.63,2535.43,606.97,887.12,423725.05,2469,620.36,628.82,726.03,831.15,865.69,0.79,0.84,439758.24,496753.1,2455.45,2570.69,2
2022_11_17_074952_693_9085.scd,960.01,587.37,588.52,396487.91,713.37,861.99,481944.63,2537.13,610.81,897.96,428615.57,2473.86,620.78,628.27,724.41,835.57,899.17,0.78,0.84,439002.55,496607.85,2456.84,2559.58,2
2022_11_17_075029_693_9085.scd,970.01,583.86,585.67,408825.74,724.29,881.35,497445.53,2580.72,638.35,926.05,461296.53,2579.03,618.44,636.62,735.93,846.46,898.13,0.79,0.85,456523.44,514797.54,2495.6,2614.2,2
2022_11_17_081251_790_1523.scd,830.01,665.34,682.28,429374.71,879.36,896.98,615281.82,2738.54,757.93,938.75,575296.67,2793.91,717.81,754.35,904.34,860.66,921.27,0.94,1,568647.04,644063.47,2551.37,2882.76,3
2022_11_17_081759_750_8906.scd,860.01,683,743.38,521167.75,799.05,883.99,571656.37,2711.74,658.45,916.81,477856.01,2764.78,680.59,705.06,803.84,875.96,900.35,0.85,0.91,531771.58,593419.33,2644.83,2764.92,2
2022_11_17_081809_750_8906.scd,1000.01,653.84,650.43,429513.16,795.01,873.78,559836.34,2692.11,678.89,851.11,474944.28,2543.15,695.59,724.35,803.44,880.74,983.18,0.84,0.93,525543.5,575346.25,2711.7,2990.5,2
2022_11_17_082128_750_8906.scd,1020.01,654.52,666.22,482510.37,737.92,906.29,545551.93,2662.93,616.39,923.44,471282.72,2364.59,549.77,686.51,740.33,909.02,940.8,0.77,0.85,528169.53,566180.75,2635.25,2728.8,2
2022_11_17_082156_750_8906.scd,1110.01,658.7,654.33,437740.76,773.38,882.91,544346.08,2628.97,540.88,905.57,411571.48,2359.52,551.34,687.49,780.32,877.94,929.45,0.8,0.89,503088.74,561707.28,2562.82,2715.14,2
2022_11_17_170412_695_9085.scd,810.01,600.78,646.77,422398.29,733.11,898.92,510792.42,2584.16,640.38,912.37,451483.55,2494.56,649.97,655.52,748.19,902.44,1061.16,0.76,0.85,487226.05,562739.1,2620.74,3157.01,2
2022_11_17_170417_695_9085.scd,800.01,601.73,619.05,409919.2,732.92,901.88,509750.84,2595.19,658.95,894.59,456183.76,2461.02,659.16,657.97,749.22,869.17,928.08,0.8,0.85,478162.01,530438.45,2529.44,2651.01,2
2022_11_17_170423_695_9085.scd,790.01,596.81,630.83,414129.99,729.63,905.46,510283.98,2597.4,642.07,902.84,452782.93,2484.64,650.74,653.19,745.84,874.6,929.79,0.79,0.84,478136.48,527320.94,2530.43,2649.13,2
2022_11_17_170429_695_9085.scd,820.01,642.65,652.84,421556.09,736.41,898.78,507970.31,2572.65,647.2,915.46,465499.33,2526.82,639.27,662.8,752.7,868.13,914.74,0.8,0.84,477073.23,525935.38,2512.61,2615.86,2
2022_11_17_170434_695_9085.scd,750.01,634.41,643.69,420588.14,745.1,918.28,526422.36,2622.31,713.08,989.4,540950.66,2705.07,685.72,667.66,754.11,914.91,1011.95,0.75,0.83,497960.67,551863.51,2607.15,2818.24,2
2022_11_17_170456_695_9085.scd,870.01,601.88,605.22,439214.45,727.42,887.89,504285.98,2563.45,644.01,891.93,433873.5,2410.64,623.17,642.33,736.03,904.16,1050.21,0.74,0.84,471590.85,517835.47,2541.24,2734.18,2
2022_11_17_170501_695_9085.scd,910.01,573.68,603.39,456682.3,734.5,901.23,517501.24,2594.59,668.05,903.11,464213.3,2497.02,655.16,653.23,744.43,875.02,933.7,0.77,0.85,477419.35,531014.2,2528.43,2636.27,2
2022_11_17_170512_695_9085.scd,810.01,599.84,636.85,417900.93,723.57,906.29,508823.98,2578.42,653.81,908.75,446258.6,2445.94,635.91,650.29,735.33,920.48,1101.79,0.73,0.83,478580.88,522457.29,2595.91,2975.65,2
2022_11_17_170545_695_9085.scd,930.01,610.15,640.92,434958.94,748.37,909.4,528267.91,2619.63,682.39,931.88,497936.36,2601.25,653.61,678.57,752.76,893.91,1041.05,0.77,0.84,492693.04,557067.86,2594.52,3051.29,2
2022_11_17_170624_695_9085.scd,860.01,586.86,601.83,430726.26,741.41,909.99,522493.85,2609.02,683.54,909.95,483145.37,2571.51,676.21,662.02,752.03,879.11,938.91,0.79,0.85,484464.7,536523.72,2541.97,2662.07,2
2022_11_17_170629_695_9085.scd,890.01,621.06,643.7,453494.51,731.15,929.44,523943.62,2620.9,611.96,942.66,427354.25,2490.56,596.36,644.62,747.2,898.38,955.82,0.75,0.82,477089.17,544965.76,2516.86,2701.04,2
2022_11_17_170634_695_9085.scd,920.01,633.63,658.65,439131.36,721.07,909.41,505338.89,2583.75,614.07,963.06,448214.08,2635.29,581.27,640.11,741.61,891.69,934.61,0.76,0.82,471629.68,525400.37,2518.64,2660.25,2
2022_11_17_170639_695_9085.scd,880.01,594.5,621.29,408689.66,726.49,896.58,502390.97,2574.62,628.94,900.84,447969.11,2478.96,634.41,643.22,742.53,866.89,919.13,0.78,0.85,467413.13,521007.96,2498.35,2621.94,2
2022_11_17_170645_695_9085.scd,860.01,648.25,660.08,426350.95,720.98,902.02,503806.64,2563.77,623.37,934.78,450766.31,2488.28,627.67,645.53,733.35,862.46,904.76,0.78,0.82,466654.84,518285.16,2493.35,2600.48,2
2022_11_17_170805_748_3891.scd,870.01,642.24,647.15,453897.31,813.79,932.66,594274.09,2760.92,615.53,915.33,439355.3,2470.01,657.35,679.54,833.01,926.36,1078.66,0.76,0.89,528835.89,619693.49,2659.9,2849.24,2
2022_11_17_170821_748_3891.scd,1040.01,616.96,637.95,446171.18,819.13,921.79,591258.55,2753.22,647.87,916.42,463250.23,2544.74,651.9,690.48,835.07,880.91,938.62,0.82,0.89,522660.06,612774.99,2608.98,2798.89,2
2022_11_17_170826_748_3891.scd,990.01,633.99,628.54,428511.42,805.79,934.71,589888.6,2743.35,630.98,910.33,449264.22,2479.72,645.09,676.79,822.95,910.2,1093.74,0.77,0.88,517428.34,615646.03,2642.63,3129.76,2
2022_11_17_170940_748_3891.scd,900.01,626.48,624.2,415503.47,804.6,926.92,588782.5,2754.9,627.67,900.96,447834.66,2463.16,653.92,678.3,827.18,887.99,947.44,0.81,0.88,523454.97,614371.24,2618.48,2806.56,2
2022_11_17_171203_750_8906.scd,870.01,655.34,656.49,449863.01,813.71,883.91,571572.69,2691.96,654.18,889.94,460968.35,2539.19,666.36,697.6,828.7,882.3,1016.37,0.82,0.94,521249.75,591620.02,2639.14,2944.76,2
2022_11_17_171713_810_3748.scd,930.01,652.12,658.54,445995.97,858.38,887.64,606558.77,2776.5,700.42,925.23,513854.04,2696.01,686.46,729.95,871.64,915.77,1201.35,0.83,1,541935.01,623699.03,2725.2,3412.84,2
2022_11_17_171941_851.7_7457.scd,1030.01,587.64,686.22,498862.03,903.91,941.95,663497.57,2925.2,714.12,933.88,520018.51,2640.11,733.79,772.86,924.4,900.55,957.35,0.89,0.98,585540.42,685691.21,2752.75,2981.15,3
2022_11_17_172120_851.7_7457.scd,1000.01,657.43,712.43,508578.13,903.08,931.16,654306.38,2889.62,711.38,909,524204.06,2640.2,731.57,769.29,918.63,893.69,954.36,0.9,0.98,582405.5,679196.69,2736.58,2947.28,3
2022_11_17_172531_781_1523.scd,610.01,685.61,747.82,494531.02,871.53,892.69,610913.8,2722.6,716.74,921.58,512678.97,2587.9,691.75,742.9,887.61,887.84,930,0.93,0.99,588677.14,646090.9,2673.44,2858.05,3
2022_11_17_173552_722_1534.scd,750.01,651.49,671.98,486185.5,774.34,939.92,580950.43,2727.9,669.8,915.97,487497.4,2562.94,660.79,688.88,785.1,927.9,1023.33,0.77,0.83,531050.25,600511.03,2684.26,2887.45,2
2022_11_17_173558_722_1534.scd,780.01,626.73,639.62,448662.57,793.59,921.29,573278.69,2719.74,678.48,916.29,482047.24,2558.22,667.29,687.32,812.33,893.06,950.78,0.81,0.89,527821.97,593522.79,2633.57,2762.88,2
2022_11_17_173603_722_1534.scd,750.01,640.41,630.07,453763,773.17,919.01,564705.64,2707.08,668.59,907.63,473062.54,2527.56,671.82,684.52,794.9,918.95,1008.61,0.77,0.86,529358.96,589808.1,2680.63,2957.89,2
2022_11_17_173608_722_1534.scd,780.01,634.89,624.99,449819.05,777.16,929.15,569868.57,2720.55,676.37,909.53,476122.16,2554.66,676.32,683.67,791.97,895.71,957.37,0.8,0.85,523820.36,593143.28,2630.85,2782.91,2
2022_11_17_173641_722_1534.scd,800.01,549.18,661.14,483777.52,793.12,943.67,600907.61,2786,745.54,952.72,569656.21,2728.36,727.1,712.64,796.97,898.31,960.2,0.82,0.84,556485.04,623161.29,2731.45,2822.86,2
2022_11_17_173647_722_1534.scd,780.01,688.04,687.12,515004.63,762.19,926.04,574162.97,2730.36,635.54,896.27,455053.97,2499.26,666.79,689.29,777.14,900.54,937.76,0.79,0.84,530112.97,593037.74,2639.9,2763.15,2
2022_11_17_173652_722_1534.scd,900.01,640,662.58,469049.82,764.94,915.95,560089.58,2689.72,643.28,890.61,452802.3,2456.08,678.58,680.99,781.36,880.93,942.64,0.79,0.85,508236.69,583474.98,2580.65,2740.45,2
2022_11_17_173658_722_1534.scd,920.01,638.78,680.57,517797.39,780.91,928.54,580802.73,2729.44,692.44,923.03,507126.68,2616.42,700.11,697.29,801.28,900.9,947.59,0.8,0.86,536168.18,604751.14,2638.3,2775.74,2
2022_11_17_173736_722_1534.scd,930.01,682.31,695.74,507802.11,779.22,935.71,575768.26,2728.92,671.27,946,509890.93,2774.9,560.14,692.22,803.92,900.58,957.25,0.79,0.84,523636.78,601935.65,2642.3,2789.2,2
2022_11_17_173826_722.6_1534.scd,330,668.5,713.42,531174.22,775.91,923.37,566407.69,2644.87,746.59,884.98,540274.61,2403.29,725.15,690.25,801.24,920.58,991.86,0.77,0.86,522958.51,602565.54,2621.86,2858.42,2
2022_11_17_173831_722.6_1534.scd,770.01,657.66,673.4,499307.64,782.19,949.39,592170.14,2748.23,663.69,902.03,483390.18,2522.76,644.37,688.57,794.83,907.88,982.82,0.8,0.82,548057.73,620116.54,2658.18,2806.91,2
2022_11_17_173836_722.6_1534.scd,660.01,643.76,664.01,493320.06,783.92,954.39,590237.62,2748.47,695.54,938.24,511774.97,2613.67,699.71,691.44,798.64,927.71,970.37,0.79,0.85,556118.37,615768.85,2686.3,2805.36,2
2022_11_17_173842_722.6_1534.scd,880.01,628.91,635.96,440409.71,772.59,922.92,570661.85,2702.59,666.34,913.91,488745.4,2550.1,642.98,678.94,781.82,884.44,940.93,0.81,0.84,524537.63,592814.93,2607.96,2746.85,2
2022_11_17_173847_722.6_1534.scd,1140.01,479.77,475.54,360913.2,779.99,924.15,582996.89,2725.94,661.92,937.72,494322.21,2586.58,660.74,676.59,792.76,901.55,952.5,0.76,0.85,519983.71,605583.7,2602.02,2767.86,2
2022_11_17_174829_764.2_3455.scd,810.01,584.99,637.8,436007.53,815.09,916.69,589676.96,2753.26,748.33,925.65,530530.31,2639.87,720.43,715.31,817.99,923.31,1068.87,0.8,0.89,549307.14,612784.41,2702.72,2888.47,2
2022_11_17_174839_764.2_3455.scd,930.01,565.91,630.32,499931.26,806.53,923.54,593116.69,2758.49,690.03,925.43,499754.74,2588.22,685.44,704.77,820.51,947.56,1072.6,0.76,0.89,547650.95,616314.23,2720.05,2943.87,2
2022_11_17_174845_764.2_3455.scd,800.01,635.19,660.76,468556.33,803.01,931.67,593412.79,2756.21,727.76,949.68,548894.29,2737.82,705.71,716.57,817.27,906.35,951.82,0.84,0.87,562170.6,612135.09,2693.7,2791.81,2
2022_11_17_174912_764.2_3455.scd,810.01,628.21,649.56,464637.54,801.32,928.14,590744.76,2746.31,689.93,939.29,518391.18,2652.85,681.29,702.31,818.4,904.65,939.32,0.82,0.88,550213.24,612547.72,2665.82,2785.14,2
2022_11_17_174918_764.2_3455.scd,800.01,633.16,659.33,480145.74,794.49,935.81,588141.98,2740.8,671.1,949.16,505874.42,2644.06,670.83,695.26,805.07,909.69,951,0.82,0.87,553900.78,607684.95,2671.14,2777.14,2
2022_11_17_174928_764.2_3455.scd,920.01,545.65,618.72,482120.46,802.89,931.89,594895.74,2759.52,721.63,924.13,529484.43,2649.25,703.92,705.78,804.95,930.96,1018.64,0.78,0.88,547226.93,610653.31,2710.6,2988.83,2
2022_11_17_174934_764.2_3455.scd,800.01,623.24,645.03,474770.8,796.85,927.66,587884.4,2739.04,704.71,952.17,529010.33,2668.96,698,701.73,809.49,906.64,938.95,0.83,0.88,555176.5,604120.85,2673.87,2766.23,2
2022_11_17_174957_764.2_3455.scd,860.01,648.08,663.61,483965.37,803.18,935.36,597731.52,2768.41,696.67,959.72,523528.02,2655.65,690.79,709.97,820.73,906.66,956.85,0.83,0.88,556537.44,616837.41,2691.95,2800.05,2
2022_11_17_175007_764.2_3455.scd,1150.01,601.6,653.53,456771.86,803.02,924.11,594000.32,2759.44,577.62,1115.85,492618.4,2280.14,599.88,721.6,804.81,920.68,1106.2,0.81,0.87,561615.98,615308.48,2734.49,3011,2
2022_11_17_175012_764.2_3455.scd,1160.01,620.04,636.35,447433.23,799.24,926.91,589170.92,2753.9,599.04,1104.14,464187.59,2314.81,613.35,720.25,797.54,920.62,1095.26,0.8,0.87,556302.52,603019.81,2722.35,2912.7,2
2022_11_17_175018_764.2_3455.scd,940.01,633.18,648.16,467413.65,801.59,927.87,595459.98,2766.55,654.34,983.24,518554.73,2718.77,646.15,698.62,813.31,909.73,953.17,0.8,0.87,545955.1,613321.77,2676.55,2791.43,2
2022_11_17_175058_764.2_3455.scd,1010.01,587.79,626.68,433341.88,809.76,906.53,577335.86,2738.09,693.28,907.37,503198.81,2665.37,680.63,698.66,826.76,882.48,935.37,0.83,0.9,523181.3,601833.72,2626.91,2793.17,2
2022_11_17_175104_764.2_3455.scd,980.01,585.48,624.45,438051.35,801.26,904.09,575152.04,2732.85,660.93,931.47,483584.5,2596.58,685.67,689.08,820.33,887.54,936.5,0.82,0.89,524449.92,604683.39,2631.1,2808.71,2
2022_11_17_175109_764.2_3455.scd,950.01,604.69,630.17,431148.97,801.05,897.4,574524.84,2732.33,662.75,964.66,495019.18,2620.58,690.15,693.41,819.55,887.87,927.55,0.82,0.91,527996.83,593012.85,2639.65,2766.02,2
2022_11_17_175120_764.2_3455.scd,1110.01,584.61,620.34,443210.49,810.86,911.61,581087.14,2748.66,688.47,1015.13,541653.41,2947.75,600.18,700.72,828.84,906.89,1020.17,0.81,0.9,532127.56,602417.64,2688,3005.13,2
2022_08_10_165601_760_123454.pcd,970.01,622.54,675.94,461765.7,808.44,853.45,549666.94,2649.29,663.43,864.49,449852.03,2501.56,662.73,695.8,813.32,837.79,864.83,0.87,0.95,499497.47,567715.08,2537.74,2691.14,3
2022_08_10_165803_700_123456.pcd,700.01,696.68,703.77,468718.41,817.1,868.14,562018.52,2660.47,642.44,876.33,443294.4,2463.53,647.76,712.73,837.88,848.09,901.17,0.89,0.96,519239.96,590198.55,2545.8,2754.54,2
2022_08_10_170204_700_123123.pcd,960.01,603.49,614.55,371601.44,750.18,764.14,467379.3,2437.73,645.62,831.8,424863.04,2381.24,437.34,662.44,768.73,760.68,843.88,0.9,1.01,434706.62,483358.75,2298.18,2483.84,1
